MEME version 4.4

ALPHABET= ACGT

strands: + -

Background letter frequencies (from uniform background):
A 0.25000 C 0.25000 G 0.25000 T 0.25000 

MOTIF BatfIrf4Th17f_1 Batf::Irf4

letter-probability matrix: alength= 4 w= 18 nsites= 425 E= 2.6e-297
0.176471 0.115294 0.080000 0.628235 
0.054118 0.181176 0.529412 0.235294 
0.903529 0.000000 0.007059 0.089412 
0.032941 0.355294 0.496471 0.115294 
0.004706 0.000000 0.016471 0.978824 
0.087059 0.877647 0.028235 0.007059 
1.000000 0.000000 0.000000 0.000000 
0.249412 0.051765 0.152941 0.545882 
0.550588 0.080000 0.000000 0.369412 
0.270588 0.211765 0.131765 0.385882 
0.202353 0.402353 0.117647 0.277647 
0.242353 0.075294 0.470588 0.211765 
0.520000 0.089412 0.287059 0.103529 
0.411765 0.115294 0.364706 0.108235 
0.851765 0.089412 0.030588 0.028235 
0.265882 0.247059 0.378824 0.108235 
0.235294 0.268235 0.124706 0.371765 
0.301176 0.171765 0.301176 0.225882 

MOTIF BatfIrf4_1 Batf::Irf4

letter-probability matrix: alength= 4 w= 11 nsites= 428 E= 2.1e-236
0.235981 0.093458 0.570093 0.100467 
0.418224 0.056075 0.247664 0.278037 
0.383178 0.007009 0.158879 0.450935 
0.602804 0.109813 0.077103 0.210280 
0.000000 0.000000 0.000000 1.000000 
0.000000 0.002336 0.925234 0.072430 
0.997664 0.000000 0.000000 0.002336 
0.109813 0.514019 0.357477 0.018692 
0.000000 0.000000 0.009346 0.990654 
0.247664 0.525701 0.203271 0.023364 
0.637850 0.049065 0.088785 0.224299 

MOTIF M0131_1.01 Ahctf1

letter-probability matrix: alength= 4 w= 8 nsites= 20 E= 0
  0.750001	  0.083333	  0.083333	  0.083333	
  0.799999	  0.066667	  0.066667	  0.066667	
  0.733333	  0.066667	  0.066667	  0.133333	
  0.266667	  0.066667	  0.066667	  0.599999	
  0.733333	  0.066667	  0.066667	  0.133333	
  0.666666	  0.066667	  0.066667	  0.200000	
  0.692308	  0.076923	  0.076923	  0.153846	
  0.166667	  0.083333	  0.083333	  0.666667	

MOTIF M2787_1.01 Ahrr

letter-probability matrix: alength= 4 w= 18 nsites= 20 E= 0
  0.333333	  0.000000	  0.000000	  0.666667	
  0.000000	  0.555556	  0.333333	  0.111111	
  0.111111	  0.111111	  0.111111	  0.666667	
  0.000000	  1.000000	  0.000000	  0.000000	
  1.000000	  0.000000	  0.000000	  0.000000	
  0.000000	  1.000000	  0.000000	  0.000000	
  0.000000	  0.000000	  1.000000	  0.000000	
  0.000000	  1.000000	  0.000000	  0.000000	
  0.333333	  0.111111	  0.222222	  0.333333	
  1.000000	  0.000000	  0.000000	  0.000000	
  0.000000	  0.444444	  0.555556	  0.000000	
  0.111111	  0.444444	  0.111111	  0.333333	
  0.000000	  0.555556	  0.000000	  0.444444	
  0.111111	  0.333333	  0.333333	  0.222222	
  0.000000	  0.222222	  0.777778	  0.000000	
  0.333333	  0.111111	  0.555556	  0.000000	
  0.333333	  0.000000	  0.666667	  0.000000	
  0.111111	  0.222222	  0.666667	  0.000000	

MOTIF M0914_1.01 Alx1

letter-probability matrix: alength= 4 w= 8 nsites= 20 E= 0
  0.244872	  0.260014	  0.144133	  0.350982	
  0.077444	  0.034798	  0.008081	  0.879677	
  0.867505	  0.035010	  0.060680	  0.036805	
  0.982723	  0.000589	  0.009586	  0.007102	
  0.016319	  0.031259	  0.025086	  0.927336	
  0.092664	  0.083846	  0.096446	  0.727044	
  0.388672	  0.095845	  0.384805	  0.130678	
  0.289713	  0.198123	  0.368297	  0.143867	

MOTIF M0915_1.01 Alx1

letter-probability matrix: alength= 4 w= 8 nsites= 20 E= 0
  0.242841	  0.263067	  0.185380	  0.308712	
  0.148309	  0.025011	  0.084716	  0.741964	
  0.720696	  0.068048	  0.132982	  0.078274	
  0.901099	  0.000634	  0.037100	  0.061167	
  0.054250	  0.052647	  0.101861	  0.791242	
  0.155226	  0.112717	  0.168154	  0.563903	
  0.352662	  0.120966	  0.359786	  0.166586	
  0.298979	  0.206515	  0.330423	  0.164083	

MOTIF M5801_1.01 Alx1

letter-probability matrix: alength= 4 w= 10 nsites= 20 E= 0
  0.139233	  0.190447	  0.291925	  0.378396	
  0.134485	  0.314941	  0.190282	  0.360292	
  0.058905	  0.001422	  0.033195	  0.906478	
  0.909421	  0.006383	  0.049241	  0.034955	
  0.990027	  0.000838	  0.005763	  0.003372	
  0.005169	  0.005840	  0.003195	  0.985796	
  0.020685	  0.065493	  0.013493	  0.900329	
  0.626955	  0.030277	  0.266319	  0.076449	
  0.309182	  0.125857	  0.470192	  0.094769	
  0.471688	  0.123031	  0.266416	  0.138864	

MOTIF M5802_1.01 Alx1

letter-probability matrix: alength= 4 w= 13 nsites= 20 E= 0
  0.201813	  0.195565	  0.245126	  0.357495	
  0.070205	  0.025925	  0.010958	  0.892912	
  0.858676	  0.005939	  0.057239	  0.078146	
  0.995282	  0.000777	  0.003303	  0.000638	
  0.022722	  0.071416	  0.029857	  0.876005	
  0.021256	  0.201898	  0.099711	  0.677135	
  0.312127	  0.149523	  0.211329	  0.327021	
  0.555183	  0.067725	  0.351550	  0.025542	
  0.788451	  0.017834	  0.156661	  0.037054	
  0.000806	  0.001889	  0.001222	  0.996083	
  0.057437	  0.038325	  0.007305	  0.896933	
  0.835699	  0.009440	  0.047712	  0.107149	
  0.270625	  0.149941	  0.329447	  0.249986	

MOTIF M0838_1.01 Alx3

letter-probability matrix: alength= 4 w= 7 nsites= 20 E= 0
  0.144397	  0.120611	  0.119411	  0.615581	
  0.644210	  0.107557	  0.134025	  0.114208	
  0.733859	  0.022383	  0.092602	  0.151156	
  0.080543	  0.104458	  0.116604	  0.698395	
  0.170686	  0.157563	  0.174135	  0.497616	
  0.375164	  0.124881	  0.304102	  0.195853	
  0.313095	  0.175301	  0.329148	  0.182456	

MOTIF M0930_1.01 Alx4

letter-probability matrix: alength= 4 w= 8 nsites= 20 E= 0
  0.245580	  0.266033	  0.173057	  0.315330	
  0.119000	  0.042484	  0.026819	  0.811697	
  0.775972	  0.070395	  0.099895	  0.053738	
  0.952272	  0.000511	  0.019863	  0.027354	
  0.039124	  0.063863	  0.062598	  0.834415	
  0.140547	  0.106223	  0.141959	  0.611271	
  0.355145	  0.111333	  0.377106	  0.156417	
  0.288606	  0.209571	  0.335312	  0.166511	

MOTIF M5803_1.01 Alx4

letter-probability matrix: alength= 4 w= 13 nsites= 20 E= 0
  0.200885	  0.193567	  0.259509	  0.346039	
  0.095935	  0.038525	  0.014644	  0.850896	
  0.760318	  0.011189	  0.111526	  0.116967	
  0.992418	  0.000878	  0.005108	  0.001596	
  0.026776	  0.071588	  0.032299	  0.869337	
  0.040436	  0.205161	  0.117312	  0.637091	
  0.267310	  0.170004	  0.227423	  0.335263	
  0.510476	  0.103871	  0.332633	  0.053020	
  0.765890	  0.022789	  0.153671	  0.057650	
  0.001199	  0.002639	  0.001839	  0.994323	
  0.066421	  0.074256	  0.012194	  0.847129	
  0.739562	  0.016177	  0.064232	  0.180029	
  0.234419	  0.170406	  0.291435	  0.303739	

MOTIF M1413_1.01 Arid2

letter-probability matrix: alength= 4 w= 10 nsites= 20 E= 0
  0.228304	  0.228304	  0.228304	  0.315088	
  0.119950	  0.353086	  0.407015	  0.119950	
  0.000130	  0.000130	  0.999610	  0.000130	
  0.000130	  0.000130	  0.000130	  0.999610	
  0.000130	  0.000130	  0.000130	  0.999610	
  0.086914	  0.000130	  0.912826	  0.000130	
  0.000130	  0.999610	  0.000130	  0.000130	
  0.000130	  0.437251	  0.000130	  0.562489	
  0.934522	  0.021826	  0.021826	  0.021826	
  0.130180	  0.304898	  0.261306	  0.303616	

MOTIF M0105_1.01 Arid3c

letter-probability matrix: alength= 4 w= 9 nsites= 20 E= 0
  0.246578	  0.267115	  0.232219	  0.254088	
  0.378326	  0.089636	  0.246105	  0.285933	
  0.932211	  0.020037	  0.024473	  0.023279	
  0.109459	  0.057143	  0.094212	  0.739186	
  0.198441	  0.333784	  0.113351	  0.354424	
  0.708755	  0.056459	  0.138866	  0.095920	
  0.607309	  0.100387	  0.141039	  0.151265	
  0.519306	  0.108039	  0.187259	  0.185396	
  0.347377	  0.202433	  0.185010	  0.265180	

MOTIF M0106_1.01 Arid3a

letter-probability matrix: alength= 4 w= 9 nsites= 20 E= 0
  0.269597	  0.199722	  0.229735	  0.300945	
  0.345989	  0.092426	  0.238987	  0.322598	
  0.980846	  0.000894	  0.017434	  0.000826	
  0.009794	  0.013221	  0.012327	  0.964658	
  0.245593	  0.306027	  0.039396	  0.408983	
  0.786967	  0.060231	  0.082120	  0.070682	
  0.733314	  0.071348	  0.076522	  0.118816	
  0.557268	  0.076942	  0.145918	  0.219872	
  0.365112	  0.210651	  0.137030	  0.287207	

MOTIF M1837_1.01 Arid3a

letter-probability matrix: alength= 4 w= 6 nsites= 20 E= 0
  1.000000	  0.000000	  0.000000	  0.000000	
  0.000000	  0.000000	  0.000000	  1.000000	
  0.037037	  0.333333	  0.000000	  0.629630	
  1.000000	  0.000000	  0.000000	  0.000000	
  1.000000	  0.000000	  0.000000	  0.000000	
  0.740741	  0.000000	  0.037037	  0.222222	

MOTIF M0104_1.01 Arid3b

letter-probability matrix: alength= 4 w= 11 nsites= 20 E= 0
  0.467943	  0.177352	  0.177352	  0.177352	
  0.273411	  0.080067	  0.080067	  0.566455	
  0.609176	  0.119174	  0.033749	  0.237901	
  0.104443	  0.000141	  0.000141	  0.895275	
  0.000141	  0.000141	  0.000141	  0.999577	
  0.999577	  0.000141	  0.000141	  0.000141	
  0.910940	  0.000141	  0.000141	  0.088778	
  0.088778	  0.000141	  0.000141	  0.910940	
  0.261793	  0.167866	  0.072788	  0.497552	
  0.489780	  0.170073	  0.170073	  0.170073	
  0.350824	  0.216392	  0.216392	  0.216392	

MOTIF M0108_1.01 Arid5a

letter-probability matrix: alength= 4 w= 11 nsites= 20 E= 0
  0.299920	  0.199062	  0.199062	  0.301956	
  0.282795	  0.466267	  0.073219	  0.177718	
  0.928777	  0.023741	  0.023741	  0.023741	
  0.999535	  0.000155	  0.000155	  0.000155	
  0.000155	  0.000155	  0.000155	  0.999535	
  0.999535	  0.000155	  0.000155	  0.000155	
  0.000155	  0.000155	  0.000155	  0.999535	
  0.000155	  0.097259	  0.000155	  0.902431	
  0.542245	  0.051092	  0.149621	  0.257042	
  0.176936	  0.277743	  0.176936	  0.368385	
  0.226414	  0.320759	  0.226414	  0.226414	

MOTIF M0107_1.01 Arid5b

letter-probability matrix: alength= 4 w= 8 nsites= 20 E= 0
  0.215558	  0.305892	  0.198985	  0.279564	
  0.497422	  0.067995	  0.230313	  0.204269	
  0.835696	  0.067240	  0.001646	  0.095418	
  0.059111	  0.062142	  0.016600	  0.862147	
  0.541039	  0.077749	  0.128187	  0.253025	
  0.188467	  0.310730	  0.085535	  0.415268	
  0.205969	  0.319810	  0.246590	  0.227631	
  0.296771	  0.189230	  0.302766	  0.211233	

MOTIF M1354_1.01 Ar

letter-probability matrix: alength= 4 w= 10 nsites= 20 E= 0
  0.176604	  0.274508	  0.267366	  0.281522	
  0.571705	  0.044206	  0.339883	  0.044206	
  0.000144	  0.000144	  0.000144	  0.999568	
  0.000144	  0.000144	  0.999568	  0.000144	
  0.000144	  0.000144	  0.000144	  0.999568	
  0.215487	  0.000144	  0.000144	  0.784225	
  0.000144	  0.999568	  0.000144	  0.000144	
  0.103279	  0.630860	  0.000144	  0.265717	
  0.073540	  0.176676	  0.073540	  0.676244	
  0.296311	  0.205938	  0.205938	  0.291813	

MOTIF M5804_1.01 Ar

letter-probability matrix: alength= 4 w= 17 nsites= 20 E= 0
  0.259535	  0.140465	  0.332293	  0.267707	
  0.344375	  0.008225	  0.599637	  0.047763	
  0.000000	  0.000000	  0.969259	  0.030741	
  0.204553	  0.136257	  0.074099	  0.585091	
  0.973397	  0.000000	  0.003031	  0.023572	
  0.000000	  0.995002	  0.000000	  0.004998	
  0.700736	  0.000000	  0.247300	  0.051964	
  0.059751	  0.398380	  0.176340	  0.365529	
  0.160382	  0.200478	  0.389662	  0.249477	
  0.298796	  0.098658	  0.501123	  0.101423	
  0.028942	  0.168158	  0.002964	  0.799936	
  0.000598	  0.000000	  0.999402	  0.000000	
  0.016321	  0.000000	  0.003451	  0.980228	
  0.533218	  0.054261	  0.161506	  0.251015	
  0.044390	  0.948818	  0.002426	  0.004366	
  0.049348	  0.568302	  0.026863	  0.355487	
  0.212594	  0.222216	  0.291278	  0.273913	

MOTIF M0177_1.01 Arnt2

letter-probability matrix: alength= 4 w= 10 nsites= 20 E= 0
  0.132987	  0.132987	  0.403477	  0.330549	
  0.088991	  0.665010	  0.088991	  0.157008	
  0.928609	  0.070969	  0.000211	  0.000211	
  0.070969	  0.566243	  0.000211	  0.362577	
  0.502829	  0.000211	  0.496749	  0.000211	
  0.000211	  0.069705	  0.000211	  0.929873	
  0.150448	  0.000211	  0.708097	  0.141244	
  0.733701	  0.265877	  0.000211	  0.000211	
  0.394950	  0.225189	  0.187982	  0.191879	
  0.161220	  0.161220	  0.235875	  0.441686	

MOTIF M0217_1.01 Arntl

letter-probability matrix: alength= 4 w= 10 nsites= 20 E= 0
  0.250929	  0.229332	  0.261169	  0.258571	
  0.245912	  0.124583	  0.558342	  0.071163	
  0.061688	  0.043908	  0.142892	  0.751512	
  0.002732	  0.997148	  0.000037	  0.000083	
  0.953025	  0.016113	  0.010172	  0.020690	
  0.001939	  0.965026	  0.009414	  0.023621	
  0.048058	  0.002671	  0.946168	  0.003103	
  0.054023	  0.057940	  0.051388	  0.836649	
  0.009432	  0.004113	  0.938316	  0.048139	
  0.255140	  0.330899	  0.145739	  0.268222	

MOTIF M0176_1.01 Arnt

letter-probability matrix: alength= 4 w= 12 nsites= 20 E= 0
  0.306611	  0.231130	  0.231130	  0.231130	
  0.341743	  0.181842	  0.294572	  0.181842	
  0.079056	  0.079056	  0.208948	  0.632940	
  0.095302	  0.793287	  0.019820	  0.091591	
  0.999460	  0.000180	  0.000180	  0.000180	
  0.154221	  0.773648	  0.000180	  0.071951	
  0.000180	  0.000180	  0.852207	  0.147433	
  0.000180	  0.000180	  0.000180	  0.999460	
  0.097610	  0.019051	  0.864288	  0.019051	
  0.265173	  0.598151	  0.068338	  0.068338	
  0.316182	  0.171125	  0.171125	  0.341568	
  0.230360	  0.230360	  0.230360	  0.308919	

MOTIF M1709_1.01 Arnt

letter-probability matrix: alength= 4 w= 6 nsites= 20 E= 0
  0.200000	  0.800000	  0.000000	  0.000000	
  0.950000	  0.000000	  0.050000	  0.000000	
  0.000000	  1.000000	  0.000000	  0.000000	
  0.000000	  0.000000	  1.000000	  0.000000	
  0.000000	  0.000000	  0.000000	  1.000000	
  0.000000	  0.000000	  1.000000	  0.000000	

MOTIF M0910_1.01 Arx

letter-probability matrix: alength= 4 w= 8 nsites= 20 E= 0
  0.216987	  0.314139	  0.148389	  0.320485	
  0.078163	  0.026544	  0.007454	  0.887839	
  0.853506	  0.044228	  0.065324	  0.036942	
  0.978482	  0.000211	  0.008551	  0.012756	
  0.002825	  0.026803	  0.027897	  0.942475	
  0.104556	  0.090897	  0.098468	  0.706079	
  0.391058	  0.094524	  0.371986	  0.142431	
  0.297757	  0.193694	  0.374758	  0.133791	

MOTIF M5805_1.01 Arx

letter-probability matrix: alength= 4 w= 13 nsites= 20 E= 0
  0.167576	  0.247052	  0.181550	  0.403821	
  0.072384	  0.032053	  0.013861	  0.881702	
  0.801260	  0.013296	  0.068754	  0.116690	
  0.984311	  0.003009	  0.009241	  0.003439	
  0.018116	  0.071296	  0.018409	  0.892179	
  0.020574	  0.244681	  0.060217	  0.674528	
  0.251310	  0.198581	  0.176092	  0.374017	
  0.606747	  0.077581	  0.283784	  0.031888	
  0.835767	  0.023266	  0.093248	  0.047719	
  0.003126	  0.006899	  0.002587	  0.987388	
  0.059908	  0.052227	  0.008449	  0.879416	
  0.787753	  0.019608	  0.044462	  0.148177	
  0.271318	  0.185828	  0.274375	  0.268479	

MOTIF M0175_1.01 Ascl2

letter-probability matrix: alength= 4 w= 10 nsites= 20 E= 0
  0.315548	  0.181281	  0.304969	  0.198202	
  0.342567	  0.215650	  0.329096	  0.112687	
  0.036296	  0.956859	  0.000000	  0.006845	
  0.887444	  0.026036	  0.052040	  0.034480	
  0.022313	  0.233167	  0.582931	  0.161589	
  0.161589	  0.582931	  0.233167	  0.022313	
  0.034480	  0.052040	  0.026036	  0.887444	
  0.006845	  0.000000	  0.956859	  0.036296	
  0.112687	  0.329096	  0.215650	  0.342567	
  0.198202	  0.304969	  0.181281	  0.315548	

MOTIF M5806_1.01 Ascl2

letter-probability matrix: alength= 4 w= 10 nsites= 20 E= 0
  0.673295	  0.102273	  0.178977	  0.045455	
  0.374269	  0.119883	  0.502924	  0.002924	
  0.009868	  0.986843	  0.000000	  0.003289	
  0.952381	  0.000000	  0.000000	  0.047619	
  0.020115	  0.066092	  0.862069	  0.051724	
  0.009804	  0.980392	  0.006536	  0.003268	
  0.013158	  0.000000	  0.000000	  0.986842	
  0.000000	  0.003300	  0.990099	  0.006601	
  0.018692	  0.641744	  0.046729	  0.292835	
  0.093923	  0.279006	  0.077348	  0.549723	

MOTIF M0287_1.01 Atf1

letter-probability matrix: alength= 4 w= 10 nsites= 20 E= 0
  0.241999	  0.270138	  0.151250	  0.336613	
  0.198253	  0.278534	  0.183010	  0.340203	
  0.311428	  0.235372	  0.185151	  0.268049	
  0.163249	  0.480715	  0.100011	  0.256025	
  0.222903	  0.182497	  0.422731	  0.171869	
  0.160732	  0.281389	  0.112139	  0.445741	
  0.246379	  0.390283	  0.177128	  0.186210	
  0.413188	  0.245649	  0.166318	  0.174845	
  0.236716	  0.261611	  0.203743	  0.297930	
  0.255440	  0.290902	  0.193057	  0.260600	

MOTIF M0288_1.01 Atf1

letter-probability matrix: alength= 4 w= 8 nsites= 20 E= 0
  0.100075	  0.162544	  0.137556	  0.599825	
  0.711545	  0.000090	  0.198217	  0.090148	
  0.000070	  0.992749	  0.000070	  0.007111	
  0.000070	  0.000070	  0.999790	  0.000070	
  0.000070	  0.000070	  0.000070	  0.999790	
  0.175204	  0.802759	  0.021964	  0.000073	
  0.960406	  0.000079	  0.015822	  0.023693	
  0.064596	  0.387038	  0.086092	  0.462274	

MOTIF M0293_1.01 Atf2

letter-probability matrix: alength= 4 w= 10 nsites= 20 E= 0
  0.198951	  0.187365	  0.124345	  0.489340	
  0.121484	  0.102492	  0.407396	  0.368627	
  0.647675	  0.068950	  0.166233	  0.117142	
  0.067738	  0.710274	  0.065082	  0.156906	
  0.192271	  0.084682	  0.638365	  0.084682	
  0.090976	  0.125285	  0.025806	  0.757933	
  0.287525	  0.556302	  0.082377	  0.073796	
  0.900751	  0.001238	  0.062379	  0.035632	
  0.062380	  0.274034	  0.133387	  0.530199	
  0.246241	  0.277636	  0.184253	  0.291870	

MOTIF M0291_1.01 Atf3

letter-probability matrix: alength= 4 w= 9 nsites= 20 E= 0
  0.330365	  0.200376	  0.252194	  0.217065	
  0.173884	  0.463306	  0.132739	  0.230071	
  0.218605	  0.033357	  0.669994	  0.078044	
  0.114477	  0.030888	  0.000259	  0.854376	
  0.216256	  0.643206	  0.056062	  0.084476	
  0.978747	  0.000325	  0.000716	  0.020212	
  0.093911	  0.235650	  0.113562	  0.556877	
  0.214325	  0.458287	  0.146569	  0.180819	
  0.345129	  0.229045	  0.245653	  0.180173	

MOTIF M0292_1.01 Atf3

letter-probability matrix: alength= 4 w= 8 nsites= 20 E= 0
  0.676868	  0.032539	  0.193621	  0.096972	
  0.081264	  0.810205	  0.000270	  0.108261	
  0.000238	  0.000238	  0.999286	  0.000238	
  0.000238	  0.000238	  0.000238	  0.999286	
  0.047812	  0.951712	  0.000238	  0.000238	
  0.999286	  0.000238	  0.000238	  0.000238	
  0.000285	  0.171518	  0.000285	  0.827912	
  0.087240	  0.694878	  0.130642	  0.087240	

MOTIF M0299_1.01 Atf4

letter-probability matrix: alength= 4 w= 13 nsites= 20 E= 0
  0.321368	  0.226211	  0.226211	  0.226211	
  0.201985	  0.201985	  0.298889	  0.297141	
  0.216709	  0.119805	  0.317568	  0.345918	
  0.070979	  0.166391	  0.199722	  0.562908	
  0.443490	  0.024285	  0.311922	  0.220303	
  0.193330	  0.522049	  0.093650	  0.190971	
  0.192764	  0.000238	  0.713348	  0.093650	
  0.102844	  0.289208	  0.000238	  0.607710	
  0.610398	  0.152771	  0.119440	  0.117391	
  0.563857	  0.150860	  0.141617	  0.143666	
  0.130433	  0.223845	  0.225846	  0.419876	
  0.272671	  0.179259	  0.272623	  0.275447	
  0.225953	  0.225953	  0.322141	  0.225953	

MOTIF M5807_1.01 Atf4

letter-probability matrix: alength= 4 w= 14 nsites= 20 E= 0
  0.014419	  0.046650	  0.543681	  0.395250	
  0.842846	  0.028122	  0.129032	  0.000000	
  0.000000	  0.000000	  0.001832	  0.998168	
  0.000000	  0.000000	  0.000000	  1.000000	
  0.039389	  0.000000	  0.960611	  0.000000	
  0.000000	  0.996769	  0.003231	  0.000000	
  0.688211	  0.001420	  0.310369	  0.000000	
  0.000897	  0.000000	  0.000000	  0.999103	
  0.002641	  0.996479	  0.000000	  0.000880	
  0.998119	  0.000000	  0.001881	  0.000000	
  0.000000	  0.056780	  0.075424	  0.867796	
  0.146589	  0.554427	  0.233672	  0.065312	
  0.093399	  0.650983	  0.025983	  0.229635	
  0.169216	  0.139579	  0.119503	  0.571702	

MOTIF M2848_1.01 Atf6

letter-probability matrix: alength= 4 w= 8 nsites= 20 E= 0
  0.000000	  0.900000	  0.000000	  0.100000	
  0.000000	  0.900000	  0.100000	  0.000000	
  1.000000	  0.000000	  0.000000	  0.000000	
  0.000000	  1.000000	  0.000000	  0.000000	
  0.000000	  0.000000	  1.000000	  0.000000	
  0.000000	  0.000000	  0.000000	  1.000000	
  0.000000	  1.000000	  0.000000	  0.000000	
  1.000000	  0.000000	  0.000000	  0.000000	

MOTIF M0302_1.01 Atf7

letter-probability matrix: alength= 4 w= 10 nsites= 20 E= 0
  0.182621	  0.170275	  0.119991	  0.527113	
  0.084680	  0.102399	  0.440927	  0.371994	
  0.652786	  0.087466	  0.126628	  0.133120	
  0.060532	  0.694487	  0.075427	  0.169554	
  0.165189	  0.000028	  0.834717	  0.000066	
  0.000313	  0.140958	  0.005980	  0.852749	
  0.284883	  0.579449	  0.061073	  0.074595	
  0.944252	  0.000006	  0.055723	  0.000019	
  0.011459	  0.289668	  0.121357	  0.577516	
  0.247322	  0.311279	  0.181397	  0.260002	

MOTIF M2134_1.01 Atoh1

letter-probability matrix: alength= 4 w= 8 nsites= 20 E= 0
  0.380347	  0.000000	  0.619653	  0.000000	
  0.000000	  1.000000	  0.000000	  0.000000	
  0.000000	  1.000000	  0.000000	  0.000000	
  0.798159	  0.000000	  0.000000	  0.201841	
  0.000000	  0.000000	  0.449183	  0.550817	
  0.000000	  1.000000	  0.000000	  0.000000	
  0.000000	  0.000000	  0.000000	  1.000000	
  0.000000	  0.000000	  1.000000	  0.000000	

MOTIF M5808_1.01 Atoh1

letter-probability matrix: alength= 4 w= 10 nsites= 20 E= 0
  0.548576	  0.090452	  0.311558	  0.049414	
  0.509250	  0.325219	  0.145083	  0.020448	
  0.038997	  0.953575	  0.007428	  0.000000	
  0.950047	  0.018501	  0.031452	  0.000000	
  0.014286	  0.008403	  0.114286	  0.863025	
  0.932788	  0.067212	  0.000000	  0.000000	
  0.020794	  0.003781	  0.004726	  0.970699	
  0.001885	  0.000943	  0.967954	  0.029218	
  0.033074	  0.227626	  0.365759	  0.373541	
  0.099922	  0.385636	  0.098361	  0.416081	

MOTIF M0221_1.01 Atoh1

letter-probability matrix: alength= 4 w= 10 nsites= 20 E= 0
  0.383121	  0.221525	  0.243456	  0.151898	
  0.665689	  0.168178	  0.118649	  0.047484	
  0.000011	  0.999967	  0.000011	  0.000011	
  0.999967	  0.000011	  0.000011	  0.000011	
  0.000011	  0.000011	  0.087923	  0.912055	
  0.912055	  0.087923	  0.000011	  0.000011	
  0.000011	  0.000011	  0.000011	  0.999967	
  0.000011	  0.000011	  0.999967	  0.000011	
  0.098113	  0.098113	  0.500295	  0.303479	
  0.202526	  0.300826	  0.202526	  0.294121	

MOTIF M4935_1.01 Atoh8

letter-probability matrix: alength= 4 w= 9 nsites= 20 E= 0
  0.454545	  0.181818	  0.318182	  0.045455	
  0.272727	  0.590909	  0.136364	  0.000000	
  0.000000	  1.000000	  0.000000	  0.000000	
  1.000000	  0.000000	  0.000000	  0.000000	
  0.000000	  0.636364	  0.090909	  0.272727	
  0.000000	  1.000000	  0.000000	  0.000000	
  0.000000	  0.045455	  0.000000	  0.954545	
  0.000000	  0.000000	  1.000000	  0.000000	
  0.045455	  0.181818	  0.318182	  0.454545	

MOTIF M2849_1.01 Bach1

letter-probability matrix: alength= 4 w= 15 nsites= 20 E= 0
  0.481481	  0.185185	  0.259259	  0.074074	
  0.222222	  0.333333	  0.222222	  0.222222	
  0.111111	  0.333333	  0.444444	  0.111111	
  0.740741	  0.037037	  0.222222	  0.000000	
  0.000000	  0.000000	  0.000000	  1.000000	
  0.000000	  0.000000	  1.000000	  0.000000	
  1.000000	  0.000000	  0.000000	  0.000000	
  0.000000	  0.000000	  1.000000	  0.000000	
  0.000000	  0.000000	  0.000000	  1.000000	
  0.000000	  1.000000	  0.000000	  0.000000	
  1.000000	  0.000000	  0.000000	  0.000000	
  0.037037	  0.111111	  0.037037	  0.814815	
  0.148148	  0.222222	  0.518519	  0.111111	
  0.259259	  0.333333	  0.259259	  0.148148	
  0.074074	  0.259259	  0.148148	  0.518519	

MOTIF M2850_1.01 Bach2

letter-probability matrix: alength= 4 w= 11 nsites= 20 E= 0
  0.090909	  0.500000	  0.318182	  0.090909	
  0.384615	  0.076923	  0.500000	  0.038462	
  0.000000	  0.000000	  0.076923	  0.923077	
  0.000000	  0.000000	  0.961538	  0.038462	
  0.692307	  0.230769	  0.038462	  0.038462	
  0.076923	  0.000000	  0.923077	  0.000000	
  0.038462	  0.000000	  0.038462	  0.923076	
  0.076923	  0.884615	  0.038462	  0.000000	
  0.954545	  0.000000	  0.045455	  0.000000	
  0.100000	  0.250000	  0.150000	  0.500000	
  0.150000	  0.550000	  0.250000	  0.050000	

MOTIF M0871_1.01 Barhl1

letter-probability matrix: alength= 4 w= 9 nsites= 20 E= 0
  0.239869	  0.317378	  0.190584	  0.252168	
  0.133763	  0.050707	  0.022333	  0.793197	
  0.850989	  0.020830	  0.051749	  0.076432	
  0.959275	  0.011777	  0.004509	  0.024439	
  0.324957	  0.077765	  0.136141	  0.461136	
  0.139125	  0.306548	  0.136371	  0.417956	
  0.193728	  0.061958	  0.611831	  0.132483	
  0.201560	  0.269370	  0.319285	  0.209785	
  0.174474	  0.290550	  0.187125	  0.347851	

MOTIF M5809_1.01 Barhl1

letter-probability matrix: alength= 4 w= 10 nsites= 20 E= 0
  0.473523	  0.104039	  0.263069	  0.159369	
  0.192974	  0.338595	  0.236422	  0.232010	
  0.110601	  0.711543	  0.035861	  0.141995	
  0.332423	  0.026699	  0.595975	  0.044903	
  0.204505	  0.105068	  0.026802	  0.663625	
  0.001009	  0.007571	  0.000000	  0.991420	
  0.132442	  0.001323	  0.000000	  0.866235	
  0.900382	  0.000000	  0.008098	  0.091520	
  0.275581	  0.141184	  0.361955	  0.221279	
  0.157305	  0.310708	  0.281181	  0.250806	

MOTIF M5810_1.01 Barhl1

letter-probability matrix: alength= 4 w= 10 nsites= 20 E= 0
  0.193806	  0.259100	  0.338921	  0.208174	
  0.179888	  0.344613	  0.178931	  0.296568	
  0.085557	  0.005945	  0.000000	  0.908498	
  0.963995	  0.000000	  0.008155	  0.027850	
  0.993340	  0.000000	  0.006184	  0.000476	
  0.272949	  0.035203	  0.164224	  0.527624	
  0.155455	  0.166694	  0.160083	  0.517768	
  0.194979	  0.037270	  0.692878	  0.074873	
  0.181354	  0.327746	  0.293582	  0.197318	
  0.157223	  0.280926	  0.190742	  0.371109	

MOTIF M5811_1.01 Barhl1

letter-probability matrix: alength= 4 w= 16 nsites= 20 E= 0
  0.069746	  0.756984	  0.018623	  0.154647	
  0.461712	  0.079860	  0.389448	  0.068980	
  0.424378	  0.105297	  0.012763	  0.457562	
  0.001203	  0.001203	  0.000000	  0.997594	
  0.094164	  0.006292	  0.000000	  0.899544	
  0.951136	  0.000459	  0.006423	  0.041982	
  0.318456	  0.130760	  0.366466	  0.184318	
  0.135070	  0.369754	  0.317414	  0.177762	
  0.447527	  0.119421	  0.331484	  0.101568	
  0.223589	  0.304872	  0.317414	  0.154124	
  0.061611	  0.785972	  0.015735	  0.136682	
  0.478400	  0.080600	  0.350800	  0.090200	
  0.457739	  0.101128	  0.016181	  0.424952	
  0.001671	  0.007641	  0.000716	  0.989972	
  0.072030	  0.007092	  0.001995	  0.918883	
  0.950481	  0.000229	  0.005961	  0.043329	

MOTIF M0903_1.01 Barhl2

letter-probability matrix: alength= 4 w= 9 nsites= 20 E= 0
  0.245921	  0.297380	  0.182183	  0.274516	
  0.148145	  0.057294	  0.053420	  0.741141	
  0.826195	  0.029278	  0.049246	  0.095281	
  0.911652	  0.016367	  0.020806	  0.051175	
  0.341059	  0.073851	  0.129290	  0.455800	
  0.145727	  0.296408	  0.137241	  0.420623	
  0.217704	  0.062373	  0.591781	  0.128142	
  0.218605	  0.261718	  0.292150	  0.227527	
  0.175236	  0.274825	  0.175236	  0.374703	

MOTIF M0849_1.01 Barx1

letter-probability matrix: alength= 4 w= 10 nsites= 20 E= 0
  0.226902	  0.245800	  0.321989	  0.205309	
  0.242216	  0.287100	  0.200303	  0.270381	
  0.160115	  0.052242	  0.025685	  0.761958	
  0.833901	  0.014384	  0.087892	  0.063823	
  0.916212	  0.019111	  0.030884	  0.033793	
  0.098357	  0.140978	  0.128844	  0.631821	
  0.120820	  0.238483	  0.315544	  0.325154	
  0.252984	  0.097839	  0.489472	  0.159705	
  0.192219	  0.295490	  0.272772	  0.239520	
  0.187034	  0.293327	  0.188913	  0.330726	

MOTIF M0900_1.01 Barx2

letter-probability matrix: alength= 4 w= 9 nsites= 20 E= 0
  0.238173	  0.273964	  0.196959	  0.290905	
  0.148488	  0.053544	  0.024792	  0.773176	
  0.809421	  0.043655	  0.075665	  0.071259	
  0.862134	  0.036944	  0.030858	  0.070064	
  0.112524	  0.137438	  0.140214	  0.609824	
  0.139816	  0.237538	  0.278754	  0.343892	
  0.259102	  0.111857	  0.444620	  0.184421	
  0.203569	  0.288878	  0.246166	  0.261388	
  0.198960	  0.282338	  0.187374	  0.331327	

MOTIF M1460_1.01 Bbx

letter-probability matrix: alength= 4 w= 8 nsites= 20 E= 0
  0.009615	  0.009615	  0.009615	  0.971155	
  0.009615	  0.971155	  0.009615	  0.009615	
  0.971155	  0.009615	  0.009615	  0.009615	
  0.971155	  0.009615	  0.009615	  0.009615	
  0.009615	  0.009615	  0.009615	  0.971155	
  0.009615	  0.009615	  0.971155	  0.009615	
  0.971155	  0.009615	  0.009615	  0.009615	
  0.971155	  0.009615	  0.009615	  0.009615	

MOTIF M0360_1.01 Bcl6b

letter-probability matrix: alength= 4 w= 12 nsites= 20 E= 0
  0.204139	  0.204139	  0.297022	  0.294700	
  0.075511	  0.258693	  0.075511	  0.590285	
  0.075511	  0.475764	  0.075511	  0.373214	
  0.024714	  0.227200	  0.117305	  0.630781	
  0.000191	  0.204678	  0.000191	  0.794940	
  0.000191	  0.297041	  0.000191	  0.702577	
  0.000191	  0.813621	  0.000191	  0.185997	
  0.000191	  0.273933	  0.112087	  0.613789	
  0.585740	  0.136642	  0.046052	  0.231566	
  0.174679	  0.174679	  0.475962	  0.174679	
  0.386441	  0.174679	  0.264200	  0.174679	
  0.323570	  0.225477	  0.225477	  0.225477	

MOTIF M2135_1.01 Bcl6

letter-probability matrix: alength= 4 w= 14 nsites= 20 E= 0
  0.243724	  0.173640	  0.196653	  0.385983	
  0.164226	  0.121339	  0.516736	  0.197699	
  0.139121	  0.658996	  0.096234	  0.105649	
  0.126569	  0.222803	  0.007322	  0.643306	
  0.039749	  0.183054	  0.105649	  0.671548	
  0.004184	  0.011506	  0.000000	  0.984310	
  0.000000	  0.851464	  0.000000	  0.148536	
  0.020921	  0.422594	  0.089958	  0.466527	
  1.000000	  0.000000	  0.000000	  0.000000	
  0.143305	  0.000000	  0.856695	  0.000000	
  0.027197	  0.025105	  0.916317	  0.031381	
  0.879707	  0.031381	  0.083682	  0.005230	
  0.911087	  0.029289	  0.023013	  0.036611	
  0.365063	  0.256276	  0.178870	  0.199791	

MOTIF M5955_1.01 Bcl6

letter-probability matrix: alength= 4 w= 30 nsites= 20 E= 0
  0.169811	  0.216981	  0.103774	  0.509434	
  0.094340	  0.424528	  0.066038	  0.415094	
  0.150943	  0.216981	  0.150943	  0.481132	
  0.122642	  0.386792	  0.160377	  0.330189	
  0.169811	  0.622642	  0.000000	  0.207547	
  0.264151	  0.462264	  0.103774	  0.169811	
  0.349057	  0.000000	  0.103774	  0.547169	
  0.113208	  0.301887	  0.264151	  0.320755	
  0.273585	  0.066038	  0.122642	  0.537735	
  0.018868	  0.650943	  0.301887	  0.028302	
  0.188679	  0.198113	  0.000000	  0.613208	
  0.000000	  0.179245	  0.122642	  0.698113	
  0.066038	  0.754717	  0.047170	  0.132075	
  0.198113	  0.584906	  0.000000	  0.216981	
  0.000000	  0.575472	  0.037736	  0.386792	
  0.132075	  0.358491	  0.141509	  0.367925	
  0.018868	  0.349057	  0.000000	  0.632075	
  0.132075	  0.556604	  0.037736	  0.273585	
  0.009434	  0.556604	  0.009434	  0.424528	
  0.084906	  0.566037	  0.018868	  0.330189	
  0.084906	  0.481132	  0.000000	  0.433962	
  0.018868	  0.349057	  0.084906	  0.547169	
  0.169811	  0.264151	  0.198113	  0.367925	
  0.084906	  0.396226	  0.254717	  0.264151	
  0.113208	  0.377358	  0.056604	  0.452830	
  0.028302	  0.547170	  0.150943	  0.273585	
  0.235849	  0.301887	  0.000000	  0.462264	
  0.000000	  0.481132	  0.066038	  0.452830	
  0.150943	  0.471698	  0.018868	  0.358491	
  0.141509	  0.367925	  0.122642	  0.367925	

MOTIF M0215_1.01 Bhlha15

letter-probability matrix: alength= 4 w= 8 nsites= 20 E= 0
  0.614264	  0.154141	  0.230828	  0.000767	
  0.000499	  0.998503	  0.000499	  0.000499	
  0.998503	  0.000499	  0.000499	  0.000499	
  0.000499	  0.000499	  0.200100	  0.798902	
  0.798902	  0.200100	  0.000499	  0.000499	
  0.000499	  0.000499	  0.000499	  0.998503	
  0.000499	  0.000499	  0.998503	  0.000499	
  0.000712	  0.285613	  0.570513	  0.143162	

MOTIF M0191_1.01 Bhlhe22

letter-probability matrix: alength= 4 w= 10 nsites= 20 E= 0
  0.412746	  0.175491	  0.236272	  0.175491	
  0.413869	  0.220536	  0.298563	  0.067033	
  0.000046	  0.999862	  0.000046	  0.000046	
  0.999862	  0.000046	  0.000046	  0.000046	
  0.000046	  0.000046	  0.000046	  0.999862	
  0.999862	  0.000046	  0.000046	  0.000046	
  0.000046	  0.000046	  0.000046	  0.999862	
  0.000046	  0.000046	  0.999862	  0.000046	
  0.074555	  0.134874	  0.651657	  0.138914	
  0.183013	  0.272775	  0.183013	  0.361199	

MOTIF M5127_1.01 Bhlhe23

letter-probability matrix: alength= 4 w= 10 nsites= 20 E= 0
  0.625752	  0.025271	  0.305656	  0.043321	
  0.385797	  0.236084	  0.370441	  0.007678	
  0.007605	  0.988593	  0.003802	  0.000000	
  0.898100	  0.000000	  0.082902	  0.018998	
  0.003788	  0.003788	  0.007576	  0.984848	
  0.996169	  0.000000	  0.003831	  0.000000	
  0.014337	  0.043011	  0.010753	  0.931899	
  0.000000	  0.000000	  0.988593	  0.011407	
  0.007678	  0.190019	  0.439539	  0.362764	
  0.028417	  0.232747	  0.035183	  0.703653	

MOTIF M0201_1.01 Bhlhe40

letter-probability matrix: alength= 4 w= 9 nsites= 20 E= 0
  0.194866	  0.242818	  0.404362	  0.157955	
  0.078463	  0.056409	  0.404487	  0.460642	
  0.000253	  0.999508	  0.000143	  0.000096	
  0.852074	  0.027873	  0.056130	  0.063923	
  0.005751	  0.924659	  0.023091	  0.046499	
  0.079188	  0.024333	  0.890538	  0.005941	
  0.086416	  0.146814	  0.095504	  0.671266	
  0.026260	  0.029608	  0.786850	  0.157282	
  0.323864	  0.284383	  0.092789	  0.298964	

MOTIF M0202_1.01 Bhlhe40

letter-probability matrix: alength= 4 w= 8 nsites= 20 E= 0
  0.267902	  0.219339	  0.228291	  0.284468	
  0.222256	  0.519999	  0.141717	  0.116028	
  0.425708	  0.158183	  0.226729	  0.189380	
  0.106247	  0.605325	  0.078710	  0.209718	
  0.118105	  0.048988	  0.821866	  0.011041	
  0.000989	  0.037290	  0.000000	  0.961721	
  0.053596	  0.000226	  0.881367	  0.064811	
  0.318931	  0.356016	  0.129668	  0.195386	

MOTIF M2136_1.01 Bhlhe40

letter-probability matrix: alength= 4 w= 11 nsites= 20 E= 0
  0.102885	  0.434574	  0.399329	  0.063212	
  0.308087	  0.033156	  0.199064	  0.459694	
  0.000000	  1.000000	  0.000000	  0.000000	
  1.000000	  0.000000	  0.000000	  0.000000	
  0.000000	  0.917046	  0.000000	  0.082954	
  0.181916	  0.070046	  0.748038	  0.000000	
  0.000000	  0.000000	  0.000000	  1.000000	
  0.000000	  0.000000	  1.000000	  0.000000	
  0.244179	  0.754176	  0.001645	  0.000000	
  0.419451	  0.269236	  0.021830	  0.289484	
  0.128322	  0.398190	  0.232916	  0.240572	

MOTIF M5812_1.01 Bhlhe40

letter-probability matrix: alength= 4 w= 10 nsites= 20 E= 0
  0.238543	  0.158176	  0.472469	  0.130812	
  0.036111	  0.009028	  0.378472	  0.576389	
  0.003817	  0.994579	  0.000719	  0.000885	
  0.970163	  0.005234	  0.013974	  0.010629	
  0.000000	  0.997283	  0.001497	  0.001220	
  0.001998	  0.000222	  0.997780	  0.000000	
  0.005631	  0.007490	  0.003827	  0.983052	
  0.000221	  0.001986	  0.992055	  0.005738	
  0.468422	  0.431438	  0.016265	  0.083876	
  0.125633	  0.341805	  0.211668	  0.320894	

MOTIF M5813_1.01 Bhlhe40

letter-probability matrix: alength= 4 w= 10 nsites= 20 E= 0
  0.207891	  0.143773	  0.496178	  0.152158	
  0.034336	  0.005446	  0.454890	  0.505328	
  0.006849	  0.991928	  0.000000	  0.001223	
  0.966627	  0.002145	  0.018832	  0.012396	
  0.000000	  0.996070	  0.000000	  0.003930	
  0.000000	  0.000493	  0.999507	  0.000000	
  0.005310	  0.007241	  0.008689	  0.978760	
  0.000000	  0.000000	  0.994848	  0.005152	
  0.439869	  0.443573	  0.023094	  0.093464	
  0.133136	  0.295611	  0.275394	  0.295858	

MOTIF M0203_1.01 Bhlhe41

letter-probability matrix: alength= 4 w= 9 nsites= 20 E= 0
  0.236892	  0.214348	  0.406508	  0.142252	
  0.068606	  0.031766	  0.463304	  0.436324	
  0.015328	  0.982112	  0.000506	  0.002054	
  0.949817	  0.020212	  0.010552	  0.019419	
  0.002645	  0.909397	  0.033208	  0.054750	
  0.113844	  0.053776	  0.808217	  0.024163	
  0.162519	  0.344053	  0.131735	  0.361693	
  0.084822	  0.130394	  0.590259	  0.194525	
  0.252900	  0.235803	  0.180007	  0.331290	

MOTIF M0964_1.01 Bsx

letter-probability matrix: alength= 4 w= 9 nsites= 20 E= 0
  0.266806	  0.229642	  0.205721	  0.297830	
  0.116229	  0.082729	  0.031676	  0.769366	
  0.886269	  0.000274	  0.097224	  0.016233	
  0.956010	  0.016164	  0.000365	  0.027461	
  0.057873	  0.196026	  0.082125	  0.663976	
  0.104695	  0.230685	  0.333971	  0.330648	
  0.326888	  0.077449	  0.441252	  0.154411	
  0.189730	  0.271946	  0.338866	  0.199458	
  0.170012	  0.319216	  0.175189	  0.335583	

MOTIF M2888_1.01 Cdc5l

letter-probability matrix: alength= 4 w= 12 nsites= 20 E= 0
  0.000000	  0.100000	  0.900000	  0.000000	
  0.600000	  0.100000	  0.100000	  0.200000	
  0.100000	  0.000000	  0.300000	  0.600000	
  0.100000	  0.000000	  0.100000	  0.800000	
  0.100000	  0.000000	  0.000000	  0.900000	
  1.000000	  0.000000	  0.000000	  0.000000	
  0.800000	  0.100000	  0.000000	  0.100000	
  0.100000	  0.700000	  0.000000	  0.200000	
  0.600000	  0.000000	  0.300000	  0.100000	
  0.100000	  0.100000	  0.000000	  0.800000	
  0.800000	  0.100000	  0.100000	  0.000000	
  0.600000	  0.000000	  0.200000	  0.200000	

MOTIF M0865_1.01 Cdx4

letter-probability matrix: alength= 4 w= 9 nsites= 20 E= 0
  0.168479	  0.163500	  0.146469	  0.521552	
  0.211125	  0.111324	  0.092061	  0.585490	
  0.332803	  0.037621	  0.152559	  0.477017	
  0.833329	  0.023463	  0.043182	  0.100026	
  0.015491	  0.177732	  0.064089	  0.742688	
  0.151377	  0.075927	  0.326939	  0.445757	
  0.427605	  0.074307	  0.394730	  0.103358	
  0.140060	  0.392316	  0.217472	  0.250152	
  0.235202	  0.305040	  0.214958	  0.244800	

MOTIF M0887_1.01 Cdx2

letter-probability matrix: alength= 4 w= 9 nsites= 20 E= 0
  0.183920	  0.139004	  0.156726	  0.520350	
  0.231545	  0.100965	  0.097981	  0.569509	
  0.322915	  0.032375	  0.117612	  0.527098	
  0.895068	  0.000095	  0.040322	  0.064515	
  0.018680	  0.218648	  0.065200	  0.697472	
  0.195021	  0.071744	  0.312033	  0.421201	
  0.410966	  0.079719	  0.410966	  0.098348	
  0.135530	  0.399094	  0.208345	  0.257031	
  0.228343	  0.305164	  0.221594	  0.244899	

MOTIF M0297_1.01 Cebpa

letter-probability matrix: alength= 4 w= 10 nsites= 20 E= 0
  0.417594	  0.193373	  0.289850	  0.099182	
  0.070926	  0.105762	  0.069103	  0.754209	
  0.075979	  0.046003	  0.228470	  0.649548	
  0.348495	  0.037506	  0.334665	  0.279334	
  0.126578	  0.520621	  0.107184	  0.245617	
  0.245617	  0.107184	  0.520621	  0.126578	
  0.279334	  0.334665	  0.037506	  0.348495	
  0.649548	  0.228470	  0.046003	  0.075979	
  0.754209	  0.069103	  0.105762	  0.070926	
  0.099182	  0.289850	  0.193373	  0.417594	

MOTIF M0307_1.01 Cebpb

letter-probability matrix: alength= 4 w= 10 nsites= 20 E= 0
  0.386668	  0.216495	  0.289329	  0.107508	
  0.060123	  0.033328	  0.020830	  0.885719	
  0.003914	  0.035680	  0.076293	  0.884113	
  0.322782	  0.001853	  0.481535	  0.193829	
  0.084448	  0.739621	  0.061938	  0.113993	
  0.338556	  0.120867	  0.413513	  0.127064	
  0.295659	  0.292717	  0.064664	  0.346959	
  0.463925	  0.368604	  0.066004	  0.101466	
  0.702943	  0.099016	  0.098030	  0.100011	
  0.145396	  0.307804	  0.196264	  0.350536	

MOTIF M0308_1.01 Cebpb

letter-probability matrix: alength= 4 w= 10 nsites= 20 E= 0
  0.431714	  0.208047	  0.298200	  0.062039	
  0.000768	  0.000197	  0.000189	  0.998846	
  0.000294	  0.000168	  0.000030	  0.999508	
  0.280621	  0.000476	  0.582310	  0.136593	
  0.088026	  0.755689	  0.045496	  0.110789	
  0.258429	  0.120858	  0.525642	  0.095071	
  0.244243	  0.410824	  0.024982	  0.319950	
  0.643236	  0.294863	  0.024693	  0.037208	
  0.847748	  0.045267	  0.061718	  0.045267	
  0.110259	  0.293780	  0.187322	  0.408639	

MOTIF M5814_1.01 Cebpb

letter-probability matrix: alength= 4 w= 10 nsites= 20 E= 0
  0.627489	  0.033807	  0.334913	  0.003791	
  0.001743	  0.001308	  0.001199	  0.995750	
  0.000000	  0.001408	  0.008881	  0.989711	
  0.071390	  0.000891	  0.814439	  0.113280	
  0.012058	  0.881451	  0.008488	  0.098003	
  0.088410	  0.005052	  0.887787	  0.018751	
  0.064322	  0.489416	  0.001227	  0.445035	
  0.931214	  0.065423	  0.001834	  0.001529	
  0.994450	  0.001632	  0.003265	  0.000653	
  0.022765	  0.272518	  0.176535	  0.528182	

MOTIF M0270_1.01 Cebpd

letter-probability matrix: alength= 4 w= 9 nsites= 20 E= 0
  0.163837	  0.131482	  0.149735	  0.554946	
  0.137413	  0.121874	  0.265866	  0.474847	
  0.324281	  0.098653	  0.311566	  0.265499	
  0.152861	  0.441214	  0.138315	  0.267610	
  0.206906	  0.082456	  0.591264	  0.119374	
  0.220411	  0.466610	  0.006395	  0.306584	
  0.696859	  0.144978	  0.063853	  0.094310	
  0.793828	  0.034704	  0.071298	  0.100170	
